si: (219, 219)
si2: (225, 225)
ix: (215, 215)
ix2: (225, 225)
iy: (215, 215)
iy2: (225, 225)
g: (215, 215)
g2: (225, 225)
[[ -66.77859157  -60.83619188 -108.06047194 ...  -56.30993247
  -100.19150185 -159.14554196]
 [ -63.21500449  -62.02052561 -135.6389599  ...  -75.364271
  -107.45920264 -146.08256946]
 [ -66.68906496  -75.12778795 -135.1465362  ...  -83.8298249
  -106.59475357 -133.42344994]
 ...
 [  85.74733791   66.78218164   68.11756951 ...  -68.01616891
   -66.3188397   -80.34743439]
 [  85.827759     55.16025249   64.17849985 ...  -75.76332597
   -76.52183388  -82.54424768]
 [ -47.24175066    4.66111868   30.94571062 ...  -78.26607958
   -79.40976606  -82.9601057 ]]
[[ -66.77859157  -60.83619188 -108.06047194 ...  -56.30993247
  -100.19150185 -159.14554196]
 [ -63.21500449  -62.02052561 -135.6389599  ...  -75.364271
  -107.45920264 -146.08256946]
 [ -66.68906496  -75.12778795 -135.1465362  ...  -83.8298249
  -106.59475357 -133.42344994]
 ...
 [  85.74733791   66.78218164   68.11756951 ...  -68.01616891
   -66.3188397   -80.34743439]
 [  85.827759     55.16025249   64.17849985 ...  -75.76332597
   -76.52183388  -82.54424768]
 [ -47.24175066    4.66111868   30.94571062 ...  -78.26607958
   -79.40976606  -82.9601057 ]]
angeq: True
ang: (225, 225)
pad:5
c:0
(225, 225)
6.535460572749186
14.781704080051265
40.43754822095979
