si: (219, 219)
si2: (225, 225)
ix: (215, 215)
ix2: (225, 225)
iy: (215, 215)
iy2: (225, 225)
g: (215, 215)
g2: (225, 225)
si eq: False
ix eq: False
iy eq: False
g eq: False
ang: (215, 215)
pad:5
g_nms: (225, 225)
g_nms_np: (215, 215)
after p g_nms_np: (225, 225)
gnmeq: False
5 5 2.3550748504071857 0.0
5 6 2.1840096060190914 0.0
5 9 4.380499458989127 0.0
5 10 8.62531277161375 0.0
5 13 7.559886755441644 0.0
5 18 4.600266185732287 0.0
5 20 11.654212254172576 0.0
5 21 8.118839894005164 0.0
5 22 2.244267072760627 0.0
5 23 1.2719300776571745 0.0
5 24 3.626215489392512 0.0
5 26 5.888647847289542 0.0
5 29 16.243109999288304 0.0
5 30 6.6633631270752005 0.0
5 32 14.999840135202534 0.0
5 33 8.798063330491946 0.0
5 36 25.26072716163756 0.0
5 40 25.118992326727685 0.0
5 41 23.791784939601424 0.0
5 42 20.508564661862508 0.0
5 44 8.235503652367793 0.0
5 45 20.167114320100435 0.0
5 55 52.855224868676586 0.0
5 58 59.81331501481274 0.0
5 59 33.06455806448954 0.0
5 60 25.217317705198116 0.0
5 62 29.138924804726596 0.0
5 63 27.13244255085616 0.0
5 64 31.665728593337928 0.0
5 65 26.98261817677206 0.0
5 67 22.086622139906787 0.0
5 68 28.580749372503806 0.0
5 75 4.01535954117411 0.0
5 78 4.64716283865539 0.0
5 79 5.023638002036996 0.0
5 80 6.145746828631382 0.0
5 81 7.691208869712935 0.0
5 86 127.66123878356774 0.0
5 89 135.69550697147233 0.0
5 90 86.07374774587434 0.0
5 91 41.96330819530173 0.0
5 92 21.047800311652125 0.0
5 101 0.2142857142857082 0.0
5 102 0.5142857142857125 0.0
5 103 0.8142857142857167 0.0
5 104 1.4571428571428626 0.0
5 105 1.4571428571428626 0.0
5 106 0.8142857142857167 0.0
5 107 0.5142857142857125 0.0
5 108 0.2142857142857082 0.0
5 117 0.20726597326495408 0.0
5 118 0.5004589730172386 0.0
5 119 0.7944321550513881 0.0
5 120 1.4311405470135092 0.0
5 121 1.4343454739969432 0.0
5 129 1.5055170648827034 0.0
5 132 1.9382955904398105 0.0
5 136 1.5055170648827034 0.0
5 145 1.5055170648827034 0.0
5 153 2.4385195408321727 0.0
5 154 2.6676539413912628 0.0
5 155 2.892610218738603 0.0
5 156 3.044382582088272 0.0
5 157 3.605048897174678 0.0
5 158 4.218260837098138 0.0
5 159 4.857274157889167 0.0
5 160 6.6247718482085425 0.0
5 161 6.916683468547744 0.0
5 163 1.8665968159914454 0.0
5 165 7.406078584514212 0.0
5 166 8.132251865760395 0.0
5 178 2.63888697935245 0.0
5 179 3.072259023943785 0.0
5 194 0.8593127296548935 0.0
5 195 0.5249878521432223 0.0
5 199 0.1858515975893932 0.0
5 213 2.2362961360614317 0.0
5 216 1.7790303481368155 0.0
5 217 1.2361890087305003 0.0
6 219 1.4977023218577021 0.0
7 5 1.9133259854323246 0.0
8 5 1.9404396724580244 0.0
8 219 2.2018197483176647 0.0
9 219 2.1057864883919044 0.0
10 219 1.2465871777925142 0.0
11 5 3.8366785167402773 0.0
12 5 4.206130123075729 0.0
13 5 4.67811339088303 0.0
14 5 4.634608056430948 0.0
15 5 4.5857198486837545 0.0
16 5 5.63336000074194 0.0
16 219 2.2277700024179947 0.0
17 219 3.0149626863362737 0.0
18 219 2.6987714514087284 0.0
19 5 5.4806896631421775 0.0
19 219 2.280183039555707 0.0
20 219 2.6572964625340334 0.0
25 219 4.857568258682042 0.0
26 219 2.542897270951406 0.0
27 5 7.511365537962989 0.0
27 219 1.353755170340829 0.0
28 5 5.868786336307061 0.0
29 5 2.1650399440157284 0.0
30 5 12.762566836059978 0.0
30 219 1.4930621868755438 0.0
31 5 20.20888115534901 0.0
31 219 1.6070158679988273 0.0
32 5 21.073176682935195 0.0
32 219 3.251279183110953 0.0
34 219 7.824885080984399 0.0
35 219 7.992423070046545 0.0
36 219 5.82732829880392 0.0
37 219 3.2402522577536472 0.0
39 5 9.980759551481531 0.0
40 5 13.68022742680032 0.0
41 5 14.636751340236616 0.0
41 219 4.5507231988611485 0.0
45 5 8.734788527047751 0.0
46 5 6.554656391311712 0.0
47 5 5.160693277268162 0.0
48 5 5.446347774576344 0.0
50 219 7.385880075508702 0.0
51 219 7.823421142144062 0.0
52 219 7.650613554160347 0.0
53 219 6.596307717974082 0.0
54 219 5.145435861429197 0.0
55 219 2.955183961261629 0.0
60 5 3.5090844203848723 0.0
60 219 0.45090611720247775 0.0
61 219 0.8000318871196206 0.0
66 219 4.671679766072889 0.0
67 5 8.672764076964953 0.0
67 219 3.9385328253458365 0.0
68 5 10.475221004925881 0.0
68 219 3.2359271453164493 0.0
69 5 11.670713826689843 0.0
69 219 2.7418617985684293 0.0
70 5 11.803875617433317 0.0
70 219 2.9529818896864852 0.0
71 5 11.201988252820412 0.0
72 5 12.058348788710832 0.0
72 219 3.3638231407802954 0.0
73 5 11.995332850908385 0.0
73 219 2.8238958470704945 0.0
74 5 10.577729782280246 0.0
74 219 1.5624418356521108 0.0
75 5 10.709051102231415 0.0
75 219 0.9156518810917894 0.0
76 5 10.531975123403992 0.0
79 219 0.2142857142857082 0.0
80 5 4.427061954730271 0.0
80 219 0.5142857142857338 0.0
81 219 1.028571428571425 0.0
82 219 1.9714285714285325 0.0
83 219 2.2714285714286007 0.0
84 219 2.2714285714286007 0.0
85 219 2.364814356091271 0.0
86 219 1.9318094510334118 0.0
87 219 1.8842526803126365 0.0
88 219 2.6933497086455858 0.0
89 219 2.960367462022928 0.0
92 5 13.67946658764327 0.0
92 219 3.7639671863064867 0.0
96 5 9.16584721136246 0.0
97 5 9.182450542158318 0.0
98 5 7.568789971498279 0.0
99 5 4.539228110233588 0.0
99 219 4.364198035125838 0.0
100 219 4.6959491879182655 0.0
101 5 6.581746558103109 0.0
101 219 4.483086127266563 0.0
102 219 4.605110293611492 0.0
103 219 3.675102386467668 0.0
106 5 44.00063833024909 0.0
107 5 40.221053097164145 0.0
107 219 6.906522353573351 0.0
108 5 26.59915699907094 0.0
108 219 5.654147836332374 0.0
109 5 12.359663244207109 0.0
109 219 9.650993921533118 0.0
110 219 14.989370383368216 0.0
112 5 8.74063055213865 0.0
112 219 6.383372852935312 0.0
113 5 8.212015214157308 0.0
114 219 16.914757775748505 0.0
116 219 13.41684328273492 0.0
117 5 7.893791153527572 0.0
117 219 54.365864233704144 0.0
118 5 6.692403552246559 0.0
118 219 93.30851012219891 0.0
119 5 5.241299885505118 0.0
121 5 4.772198398120152 0.0
122 5 2.9475863526150468 0.0
123 5 2.5245832147432354 0.0
124 5 4.034601616526919 0.0
124 219 21.884549810497877 0.0
126 219 21.5688893964413 0.0
127 219 18.564950793341303 0.0
128 219 16.095131726895634 0.0
129 5 3.3500304598066903 0.0
129 219 21.619466379414007 0.0
133 219 11.966044646824436 0.0
134 219 12.640104623695132 0.0
136 219 17.587427385516506 0.0
137 5 7.230074660184127 0.0
137 219 14.107473775503907 0.0
139 219 7.749288973308238 0.0
140 5 11.328148073516255 0.0
140 219 9.670289023391103 0.0
142 219 26.396498878851798 0.0
143 5 22.949812146312233 0.0
144 5 30.447104517004373 0.0
144 219 19.625465027637453 0.0
147 5 12.54461629382038 0.0
149 5 18.263078903087735 0.0
150 5 29.123461683120077 0.0
151 5 33.09458461156818 0.0
153 5 47.25796391150621 0.0
155 5 53.790836883739416 0.0
156 5 52.53088984354922 0.0
156 219 7.258281687922047 0.0
157 5 34.301372912369985 0.0
157 219 5.1926262475686356 0.0
158 219 4.123037566589734 0.0
159 5 17.473063817879034 0.0
159 219 2.7571150997862577 0.0
160 219 1.7255729601544874 0.0
161 5 39.33598082869043 0.0
161 219 1.216384740423308 0.0
162 5 34.530703580957024 0.0
164 5 38.47248685616722 0.0
164 219 2.5869570809689746 0.0
165 5 43.43725712015492 0.0
165 219 2.462307694759826 0.0
171 219 5.045734711170437 0.0
172 5 141.60471858850826 0.0
173 5 149.58097271364156 0.0
175 219 4.008791359408133 0.0
176 219 5.01323249012052 0.0
177 5 154.91228492410843 0.0
178 5 142.31419698422678 0.0
181 219 29.34398123455434 0.0
182 219 37.17263984520369 0.0
183 219 37.33689563300898 0.0
184 219 29.28712278842852 0.0
185 219 15.05866927746815 0.0
187 5 38.22104679842439 0.0
187 219 20.1222817913326 0.0
188 219 40.61692243086744 0.0
189 219 70.91317556976105 0.0
193 219 26.997339249092906 0.0
194 219 63.89803141230055 0.0
196 5 3.9140901932398453 0.0
197 5 18.06329574195209 0.0
198 5 36.22387939985874 0.0
199 5 51.6331531092185 0.0
200 5 85.38914522612917 0.0
204 5 8.452221661812253 0.0
205 219 42.41149307555629 0.0
206 5 12.370135613728767 0.0
206 219 60.40407642684054 0.0
207 5 18.19362974409742 0.0
207 219 44.50381146254641 0.0
208 5 10.154244111177732 0.0
208 219 14.659572341118622 0.0
210 5 24.677124208134007 0.0
210 219 27.38515257639901 0.0
211 219 36.699243722397306 0.0
214 5 49.74384999419424 0.0
215 5 73.06757076815393 0.0
219 5 1.420351350611414 0.0
219 19 19.557765042800465 0.0
219 23 42.319702797845345 0.0
219 27 24.159310750068332 0.0
219 28 18.208197862165143 0.0
219 30 21.809739679738477 0.0
219 31 14.384070341590965 0.0
219 32 19.00006981727237 0.0
219 33 45.73257502445436 0.0
219 37 22.151842646900988 0.0
219 43 25.545634436739093 0.0
219 44 33.16913059592905 0.0
219 45 47.02035002343698 0.0
219 49 30.958300624404757 0.0
219 51 29.87254985256326 0.0
219 52 32.493535463823804 0.0
219 53 34.76691043541962 0.0
219 54 30.282766029003145 0.0
219 61 74.86355615929776 0.0
219 63 78.17926189083597 0.0
219 67 77.04392200795172 0.0
219 68 72.34808327150917 0.0
219 72 68.2454947305711 0.0
219 77 65.82440850552354 0.0
219 78 76.86231162916965 0.0
219 79 87.08772612036856 0.0
219 80 93.63709800313644 0.0
219 81 89.0958887825874 0.0
219 97 86.8879588778513 0.0
219 98 86.28115527218004 0.0
219 100 67.33962429357622 0.0
219 101 65.95209184224065 0.0
219 102 50.273645568781944 0.0
219 103 32.00131773434796 0.0
219 108 71.87620380535819 0.0
219 109 65.88419416534077 0.0
219 110 70.25442756038038 0.0
219 114 94.36061770394149 0.0
219 118 85.50036668974958 0.0
219 122 61.613351654010984 0.0
219 123 54.109800029049055 0.0
219 126 37.66622275639932 0.0
219 127 48.41391950710885 0.0
219 134 66.04214872460817 0.0
219 140 74.2999509022828 0.0
219 141 80.9246241629726 0.0
219 142 97.4075521943232 0.0
219 143 121.68930997941153 0.0
219 149 31.40748805814387 0.0
219 153 18.44676427574489 0.0
219 156 26.816751541999007 0.0
219 157 47.470466113797805 0.0
219 158 37.11720680245655 0.0
219 163 56.20222687867847 0.0
219 164 36.860551475826306 0.0
219 166 14.758804013820605 0.0
219 174 42.8908801733051 0.0
219 182 28.239706450460197 0.0
219 183 31.991588499070765 0.0
219 184 28.9957157285735 0.0
219 191 44.78465309747553 0.0
219 206 108.16481849096624 0.0
6.7151023867915445
14.934696282858393
41.0439758172641
